18432 62.24
18433 59.74
18434 60.43
18435 61.32
18436 61.52
18437 63.51
18438 62.95
18439 60.68
18440 61.08
18441 63.56
18442 62.81
18443 65.18
18444 61.88
18445 61.29
18446 60.42
18447 62.18
18448 68.02
18449 67.92
18450 69.39
18451 69.91
18452 67.21
18453 63.29
18454 64.26
18455 70.73
18456 73.38
18457 70.55
18458 66.0
18459 63.57
18460 61.65
18461 62.09
18462 63.83
18463 63.44
18464 62.19
18465 63.44
18466 62.07
18467 60.0
18468 59.51
18469 60.29
18470 63.85
18471 63.78
18472 59.94
18473 60.64
18474 63.34
18475 72.74
18476 70.44
18477 69.31
18478 65.67
18479 65.63
18480 63.02
18481 62.82
18482 62.98
18483 64.52
18484 64.43
18485 62.97
18486 62.34
18487 63.84
18488 68.73
18489 76.21
18490 77.73
18491 74.99
18492 73.47
18493 73.89
18494 77.71
18495 75.87
18496 72.84
18497 75.22
18498 75.27
18499 74.32
18500 69.72
18501 71.29
18502 70.33
18503 70.17
18504 63.66
18505 60.22
18506 59.17
18507 60.4
18508 60.83
18509 62.88
18510 66.5
18511 74.12
18512 90.2
18513 80.86
18514 69.13
18515 68.87
18516 69.63
18517 68.69
18518 68.96
18519 66.53
18520 66.98
18521 69.23
18522 71.4
18523 71.05
18524 73.59
18525 75.49
18526 65.85
18527 63.49
18528 63.48
18529 65.9
18530 67.44
18531 66.94
18532 65.2
18533 64.39
18333 61.06
18334 59.8
18335 55.19
18336 56.43
18337 56.05
18338 54.98
18339 51.15
18340 49.05
18341 52.26
18342 54.04
18343 56.88
18344 55.45
18345 57.82
18346 54.92
18347 54.09
18348 54.29
18349 50.88
18350 53.03
18351 54.72
18352 55.55
18353 56.94
18354 62.1
18355 59.14
18356 58.13
18357 56.03
18358 58.81
18359 56.95
18360 56.12
18361 53.39
18362 53.09
18363 51.52
18364 56.09
18365 57.83
18366 58.01
18367 55.92
18368 64.28
18369 61.55
18370 57.14
18371 58.41
18372 58.87
18373 58.59
18374 58.31
18375 59.96
18376 70.79
18377 71.01
18378 77.65
18379 69.97
18380 66.98
18381 66.28
18382 63.54
18383 61.68
18384 63.15
18385 63.46
18386 62.48
18387 63.25
18388 67.34
18389 70.74
18390 72.98
18391 69.28
18392 63.7
18393 62.13
18394 61.26
18395 58.79
18396 60.29
18397 60.04
18398 64.47
18399 64.18
18400 64.15
18401 63.25
18402 61.26
18403 60.3
18404 61.4
18405 64.88
18406 61.67
18407 59.79
18408 62.02
18409 65.62
18410 64.84
18411 60.23
18412 59.11
18413 62.56
18414 62.54
18415 62.91
18416 67.73
18417 68.19
18418 65.37
18419 62.76
18420 64.71
18421 60.91
18422 69.97
18423 75.22
18424 78.17
18425 72.98
18426 63.82
18427 62.37
18428 62.48
18429 64.55
18430 62.96
18431 62.48
